{
  "advancedEditorSelectedIdentifier" : "ProjectBrowser",
  "openSceneRelativePaths" : [

  ],
  "recentIdentifiers" : {
    "26DBAE76-5DD8-47B6-A085-1B4ADA111097" : [

    ]
  },
  "sceneCameraHistory" : {
    "26DBAE76-5DD8-47B6-A085-1B4ADA111097" : [
      {
        "date" : 730964120.353428,
        "title" : "Untitled",
        "transform" : [
          0.9119965,
          4.4782382e-09,
          -0.41019803,
          0,
          -0.18742612,
          0.88950974,
          -0.41670588,
          0,
          0.36487517,
          0.45691612,
          0.8112297,
          0,
          1.391683,
          0.7736642,
          1.1711817,
          1
        ]
      },
      {
        "date" : 730964111.774518,
        "title" : "Untitled",
        "transform" : [
          0.9119965,
          4.4782382e-09,
          -0.41019803,
          0,
          -0.18742612,
          0.88950974,
          -0.41670588,
          0,
          0.36487517,
          0.45691612,
          0.8112297,
          0,
          1.0010931,
          0.8038437,
          1.329863,
          1
        ]
      },
      {
        "date" : 730964107.816035,
        "title" : "Untitled",
        "transform" : [
          0.91609955,
          4.4782382e-09,
          -0.40095094,
          0,
          -0.18320096,
          0.88950974,
          -0.41858065,
          0,
          0.3566498,
          0.45691612,
          0.8148794,
          0,
          0.47007054,
          0.29995653,
          0.39683232,
          1
        ]
      },
      {
        "date" : 730964070.341371,
        "title" : "Untitled",
        "transform" : [
          0.91609955,
          4.4782382e-09,
          -0.40095094,
          0,
          -0.18320096,
          0.88950974,
          -0.41858065,
          0,
          0.3566498,
          0.45691612,
          0.8148794,
          0,
          0.30466887,
          0.43303856,
          0.39460272,
          1
        ]
      },
      {
        "date" : 730961612.684483,
        "title" : "Untitled",
        "transform" : [
          0.91759807,
          4.4782382e-09,
          -0.3975094,
          0,
          -0.18162847,
          0.88950974,
          -0.41926536,
          0,
          0.3535885,
          0.45691612,
          0.8162124,
          0,
          0.7680774,
          0.3426566,
          0.9315093,
          1
        ]
      },
      {
        "date" : 730960886.037162,
        "title" : "Untitled",
        "transform" : [
          0.91759807,
          4.4782382e-09,
          -0.3975094,
          0,
          -0.18162847,
          0.88950974,
          -0.41926536,
          0,
          0.3535885,
          0.45691612,
          0.8162124,
          0,
          1.1005926,
          0.392277,
          0.7596841,
          1
        ]
      },
      {
        "date" : 730960883.097259,
        "title" : "Untitled",
        "transform" : [
          0.91759807,
          4.4782382e-09,
          -0.3975094,
          0,
          -0.18162847,
          0.88950974,
          -0.41926536,
          0,
          0.3535885,
          0.45691612,
          0.8162124,
          0,
          1.0583086,
          0.3153473,
          0.821067,
          1
        ]
      },
      {
        "date" : 730960878.722826,
        "title" : "Untitled",
        "transform" : [
          0.91759807,
          4.4782382e-09,
          -0.3975094,
          0,
          -0.18162847,
          0.88950974,
          -0.41926536,
          0,
          0.3535885,
          0.45691612,
          0.8162124,
          0,
          0.6760799,
          1.7231914,
          2.6774693,
          1
        ]
      },
      {
        "date" : 730960249.932367,
        "title" : "Untitled",
        "transform" : [
          0.9206994,
          4.4782382e-09,
          -0.3902724,
          0,
          -0.17832176,
          0.88950974,
          -0.4206824,
          0,
          0.34715113,
          0.45691612,
          0.8189711,
          0,
          0.20171653,
          0.060869887,
          0.29393736,
          1
        ]
      },
      {
        "date" : 730959341.261672,
        "title" : "Untitled",
        "transform" : [
          0.9206995,
          5.592238e-09,
          -0.39027244,
          0,
          -0.1783218,
          0.8895098,
          -0.42068243,
          0,
          0.34715116,
          0.45691606,
          0.81897116,
          0,
          0.15930137,
          0.027585179,
          0.20458767,
          1
        ]
      }
    ],
    "30822A0D-4303-4863-9D4E-EC3242816005" : [
      {
        "date" : 730958783.440992,
        "title" : "Untitled",
        "transform" : [
          0.99999994,
          0,
          -0,
          0,
          -0,
          0.8660254,
          -0.49999988,
          0,
          0,
          0.49999988,
          0.8660254,
          0,
          0,
          0.20698704,
          0.35851207,
          1
        ]
      }
    ]
  }
}