{
  "advancedEditorSelectedIdentifier" : "ShaderGraphEditorPluginID",
  "openSceneRelativePaths" : [
    "Scene.usda"
  ],
  "recentIdentifiers" : {
    "26DBAE76-5DD8-47B6-A085-1B4ADA111097" : [

    ]
  },
  "sceneCameraHistory" : {
    "26DBAE76-5DD8-47B6-A085-1B4ADA111097" : [
      {
        "date" : 730961612.684483,
        "title" : "Untitled",
        "transform" : [
          0.91759807,
          4.4782382e-09,
          -0.3975094,
          0,
          -0.18162847,
          0.88950974,
          -0.41926536,
          0,
          0.3535885,
          0.45691612,
          0.8162124,
          0,
          0.7680774,
          0.3426566,
          0.9315093,
          1
        ]
      },
      {
        "date" : 730960886.037162,
        "title" : "Untitled",
        "transform" : [
          0.91759807,
          4.4782382e-09,
          -0.3975094,
          0,
          -0.18162847,
          0.88950974,
          -0.41926536,
          0,
          0.3535885,
          0.45691612,
          0.8162124,
          0,
          1.1005926,
          0.392277,
          0.7596841,
          1
        ]
      },
      {
        "date" : 730960883.097259,
        "title" : "Untitled",
        "transform" : [
          0.91759807,
          4.4782382e-09,
          -0.3975094,
          0,
          -0.18162847,
          0.88950974,
          -0.41926536,
          0,
          0.3535885,
          0.45691612,
          0.8162124,
          0,
          1.0583086,
          0.3153473,
          0.821067,
          1
        ]
      },
      {
        "date" : 730960878.722826,
        "title" : "Untitled",
        "transform" : [
          0.91759807,
          4.4782382e-09,
          -0.3975094,
          0,
          -0.18162847,
          0.88950974,
          -0.41926536,
          0,
          0.3535885,
          0.45691612,
          0.8162124,
          0,
          0.6760799,
          1.7231914,
          2.6774693,
          1
        ]
      },
      {
        "date" : 730960249.932367,
        "title" : "Untitled",
        "transform" : [
          0.9206994,
          4.4782382e-09,
          -0.3902724,
          0,
          -0.17832176,
          0.88950974,
          -0.4206824,
          0,
          0.34715113,
          0.45691612,
          0.8189711,
          0,
          0.20171653,
          0.060869887,
          0.29393736,
          1
        ]
      },
      {
        "date" : 730959341.261672,
        "title" : "Untitled",
        "transform" : [
          0.9206995,
          5.592238e-09,
          -0.39027244,
          0,
          -0.1783218,
          0.8895098,
          -0.42068243,
          0,
          0.34715116,
          0.45691606,
          0.81897116,
          0,
          0.15930137,
          0.027585179,
          0.20458767,
          1
        ]
      },
      {
        "date" : 730959290.24803,
        "title" : "Untitled",
        "transform" : [
          0.99999994,
          0,
          0,
          0,
          0,
          0.8660254,
          -0.49999994,
          0,
          0,
          0.49999994,
          0.8660254,
          0,
          0.06784302,
          0.04059113,
          0.28443545,
          1
        ]
      },
      {
        "date" : 730959287.993263,
        "title" : "Untitled",
        "transform" : [
          0.99999994,
          0,
          0,
          0,
          0,
          0.8660254,
          -0.49999994,
          0,
          0,
          0.49999994,
          0.8660254,
          0,
          0.06784302,
          0.17011146,
          0.5087713,
          1
        ]
      },
      {
        "date" : 730959241.047823,
        "title" : "Untitled",
        "transform" : [
          0.99999994,
          0,
          -0,
          0,
          -0,
          0.8660254,
          -0.49999994,
          0,
          0,
          0.49999994,
          0.8660254,
          0,
          0.16152894,
          0.17734085,
          0.5045974,
          1
        ]
      },
      {
        "date" : 730958709.002943,
        "title" : "Untitled",
        "transform" : [
          0.99999994,
          0,
          0,
          0,
          0,
          0.8660254,
          -0.49999994,
          0,
          0,
          0.49999994,
          0.8660254,
          0,
          0.0487658,
          0.122282766,
          0.40467575,
          1
        ]
      }
    ],
    "30822A0D-4303-4863-9D4E-EC3242816005" : [
      {
        "date" : 730958783.440992,
        "title" : "Untitled",
        "transform" : [
          0.99999994,
          0,
          -0,
          0,
          -0,
          0.8660254,
          -0.49999988,
          0,
          0,
          0.49999988,
          0.8660254,
          0,
          0,
          0.20698704,
          0.35851207,
          1
        ]
      }
    ]
  },
  "selectedSceneRelativePath" : "Scene.usda"
}