{
  "advancedEditorSelectedIdentifier" : "ProjectBrowser",
  "openSceneRelativePaths" : [
    "Untitled Scene.usda"
  ],
  "recentIdentifiers" : {
    "FBB4D83E-A827-48F1-A20D-F8C823B40F27" : [

    ]
  },
  "sceneCameraHistory" : {
    "FBB4D83E-A827-48F1-A20D-F8C823B40F27" : [
      {
        "date" : 735507435.166931,
        "title" : "Untitled",
        "transform" : [
          0.075027205,
          -3.1106244e-09,
          -0.99718153,
          0,
          -0.15566255,
          0.9877408,
          -0.011711909,
          0,
          0.984957,
          0.15610228,
          0.07410739,
          0,
          162.77405,
          26.272228,
          11.669732,
          1
        ]
      },
      {
        "date" : 735507428.969568,
        "title" : "Untitled",
        "transform" : [
          0.99702007,
          -2.7266946e-09,
          0.07714206,
          0,
          0.026313787,
          0.94002414,
          -0.3400914,
          0,
          -0.072515346,
          0.3411077,
          0.9372231,
          0,
          -11.399745,
          56.82933,
          154.79752,
          1
        ]
      },
      {
        "date" : 735507411.166037,
        "title" : "Untitled",
        "transform" : [
          0.95210195,
          -2.8849305e-09,
          -0.30578068,
          0,
          -0.12934993,
          0.90612245,
          -0.40275386,
          0,
          0.2770748,
          0.42301527,
          0.862721,
          0,
          46.284595,
          70.35182,
          142.23276,
          1
        ]
      },
      {
        "date" : 735507396.011655,
        "title" : "Untitled",
        "transform" : [
          0.985568,
          -2.8150011e-09,
          -0.16927992,
          0,
          -0.08495743,
          0.8649398,
          -0.49463248,
          0,
          0.14641702,
          0.5018754,
          0.85245705,
          0,
          24.731388,
          83.36537,
          140.57169,
          1
        ]
      },
      {
        "date" : 735507390.319502,
        "title" : "Untitled",
        "transform" : [
          0.35628402,
          -4.3977177e-09,
          -0.9343777,
          0,
          -0.34849703,
          0.92784244,
          -0.1328841,
          0,
          0.8669553,
          0.3729722,
          0.33057538,
          0,
          3.2256172,
          1.3920703,
          1.2302499,
          1
        ]
      },
      {
        "date" : 735507356.984585,
        "title" : "Untitled",
        "transform" : [
          0.98833275,
          -4.4244217e-09,
          0.15231007,
          0,
          0.055362288,
          0.93160045,
          -0.3592431,
          0,
          -0.14189208,
          0.36348382,
          0.92073125,
          0,
          -0.5282298,
          1.3567663,
          3.425805,
          1
        ]
      },
      {
        "date" : 735507354.702818,
        "title" : "Untitled",
        "transform" : [
          0.822944,
          -3.7485446e-09,
          0.56812257,
          0,
          0.37396348,
          0.75280434,
          -0.54169816,
          0,
          -0.4276851,
          0.65824425,
          0.61951584,
          0,
          -1.5907258,
          2.4532514,
          2.3037212,
          1
        ]
      },
      {
        "date" : 735507342.658953,
        "title" : "Untitled",
        "transform" : [
          0.822944,
          -3.7485446e-09,
          0.56812257,
          0,
          0.37396348,
          0.75280434,
          -0.54169816,
          0,
          -0.4276851,
          0.65824425,
          0.61951584,
          0,
          -0.52839863,
          0.81490767,
          0.76523757,
          1
        ]
      },
      {
        "date" : 735507260.570886,
        "title" : "Untitled",
        "transform" : [
          1,
          0,
          0,
          0,
          0,
          0.8660253,
          -0.50000006,
          0,
          0,
          0.50000006,
          0.8660253,
          0,
          -9.373389e-05,
          0.61939424,
          1.0701491,
          1
        ]
      },
      {
        "date" : 735507140.828727,
        "title" : "Untitled",
        "transform" : [
          1,
          0,
          -0,
          0,
          -0,
          0.8660253,
          -0.50000006,
          0,
          0,
          0.50000006,
          0.8660253,
          0,
          0,
          0.23345138,
          0.40434968,
          1
        ]
      }
    ]
  }
}