{
  "advancedEditorSelectedIdentifier" : "ProjectBrowser",
  "openSceneRelativePaths" : [
    "PinPoint.usda",
    "Knee.usda",
    "Eye.usda",
    "Arm.usda",
    "Ear.usda",
    "Arm2.usda"
  ],
  "recentIdentifiers" : {
    "0DCFF668-6F97-4B3D-8A47-982F954B874A" : [

    ],
    "0E7C2ACB-CB8A-4861-83A5-E39727363438" : [

    ],
    "0F624505-A2D8-48B8-ABEF-0A5DF48DB13A" : [

    ],
    "6AF1A903-BFFD-4D2C-8A4C-0332781B3646" : [

    ],
    "8AE82A87-ACD4-4A97-9794-E4CC9126F0C2" : [

    ],
    "9B995F11-841B-45F7-888A-806B86637C9D" : [

    ],
    "27F7168F-BF04-4F0B-A91F-91F337DD41B1" : [

    ],
    "78BDA118-B7EF-404D-ACE2-BDA894976E1C" : [

    ],
    "85DC64B4-5928-4BF2-8593-8F664C5F7C46" : [

    ],
    "964B23C6-32DF-42B4-AF8C-4E2B772C31A8" : [

    ],
    "C982A4B7-9AAA-4236-A4ED-A90A9C7901F4" : [

    ],
    "FBB4D83E-A827-48F1-A20D-F8C823B40F27" : [

    ]
  },
  "sceneCameraHistory" : {
    "0DCFF668-6F97-4B3D-8A47-982F954B874A" : [
      {
        "date" : 738696028.486641,
        "title" : "Untitled",
        "transform" : [
          0.99999994,
          0,
          -0,
          0,
          -0,
          0.8660254,
          -0.49999994,
          0,
          0,
          0.49999994,
          0.8660254,
          0,
          -0.081891656,
          1.4140197,
          3.072165,
          1
        ]
      },
      {
        "date" : 738696026.226171,
        "title" : "Untitled",
        "transform" : [
          0.99999994,
          0,
          -0,
          0,
          -0,
          0.8660254,
          -0.49999994,
          0,
          0,
          0.49999994,
          0.8660254,
          0,
          -0.081891656,
          1.4140198,
          3.072165,
          1
        ]
      },
      {
        "date" : 738696022.390369,
        "title" : "Untitled",
        "transform" : [
          0.99999994,
          0,
          0,
          0,
          0,
          0.8660254,
          -0.49999994,
          0,
          0,
          0.49999994,
          0.8660254,
          0,
          -0.02213893,
          0.63701814,
          1.5284503,
          1
        ]
      },
      {
        "date" : 738696020.090607,
        "title" : "Untitled",
        "transform" : [
          0.99999994,
          0,
          0,
          0,
          0,
          0.8660254,
          -0.49999994,
          0,
          0,
          0.49999994,
          0.8660254,
          0,
          -0.07656379,
          1.0473543,
          2.3622077,
          1
        ]
      },
      {
        "date" : 738696011.774401,
        "title" : "Untitled",
        "transform" : [
          0.99999994,
          0,
          0,
          0,
          0,
          0.8660254,
          -0.49999994,
          0,
          0,
          0.49999994,
          0.8660254,
          0,
          0.2342274,
          0.67663455,
          2.576243,
          1
        ]
      },
      {
        "date" : 738695993.54542,
        "title" : "Untitled",
        "transform" : [
          0.99999994,
          0,
          -0,
          0,
          -0,
          0.8660254,
          -0.49999994,
          0,
          0,
          0.49999994,
          0.8660254,
          0,
          1.490116e-08,
          0.071283996,
          0.13945112,
          1
        ]
      },
      {
        "date" : 738695986.935433,
        "title" : "Untitled",
        "transform" : [
          0.99999994,
          0,
          -0,
          0,
          -0,
          0.8660254,
          -0.49999994,
          0,
          0,
          0.49999994,
          0.8660254,
          0,
          0,
          0.2324022,
          0.40253246,
          1
        ]
      }
    ],
    "0E7C2ACB-CB8A-4861-83A5-E39727363438" : [
      {
        "date" : 739485691.014529,
        "title" : "Untitled",
        "transform" : [
          0.9997092,
          -2.6489164e-09,
          0.02411699,
          0,
          0.007058034,
          0.956217,
          -0.29257324,
          0,
          -0.023061063,
          0.29265833,
          0.95593894,
          0,
          -0.47748542,
          1.454083,
          1.6737688,
          1
        ]
      },
      {
        "date" : 739485686.347658,
        "title" : "Untitled",
        "transform" : [
          0.9997092,
          -2.6489164e-09,
          0.02411699,
          0,
          0.007058034,
          0.956217,
          -0.29257324,
          0,
          -0.023061063,
          0.29265833,
          0.95593894,
          0,
          -0.8046019,
          1.5143409,
          1.6474301,
          1
        ]
      },
      {
        "date" : 739485675.880733,
        "title" : "Untitled",
        "transform" : [
          0.9997092,
          -2.6489164e-09,
          0.02411699,
          0,
          0.007058034,
          0.956217,
          -0.29257324,
          0,
          -0.023061063,
          0.29265833,
          0.95593894,
          0,
          -0.81843543,
          1.514343,
          1.6470959,
          1
        ]
      },
      {
        "date" : 739485672.573163,
        "title" : "Untitled",
        "transform" : [
          0.9997092,
          -2.6489164e-09,
          0.02411699,
          0,
          0.007058034,
          0.956217,
          -0.29257324,
          0,
          -0.023061063,
          0.29265833,
          0.95593894,
          0,
          -0.1319564,
          1.3358462,
          0.84037113,
          1
        ]
      },
      {
        "date" : 739485666.514968,
        "title" : "Untitled",
        "transform" : [
          0.9995158,
          -2.7174738e-09,
          0.031117285,
          0,
          0.010741571,
          0.93853045,
          -0.34502923,
          0,
          -0.029204506,
          0.3451964,
          0.93807596,
          0,
          -0.1599983,
          1.5756574,
          0.7588352,
          1
        ]
      },
      {
        "date" : 739485656.598418,
        "title" : "Untitled",
        "transform" : [
          0.9995158,
          -2.7174738e-09,
          0.031117285,
          0,
          0.010741571,
          0.93853045,
          -0.34502923,
          0,
          -0.029204506,
          0.3451964,
          0.93807596,
          0,
          -0.26537046,
          1.2926766,
          1.4635884,
          1
        ]
      },
      {
        "date" : 739485435.622175,
        "title" : "Untitled",
        "transform" : [
          0.9995158,
          -2.7174738e-09,
          0.031117285,
          0,
          0.010741571,
          0.93853045,
          -0.34502923,
          0,
          -0.029204506,
          0.3451964,
          0.93807596,
          0,
          -0.5042846,
          1.0197133,
          1.5565963,
          1
        ]
      },
      {
        "date" : 739485429.967103,
        "title" : "Untitled",
        "transform" : [
          0.9995158,
          -2.7174738e-09,
          0.031117285,
          0,
          0.010741571,
          0.93853045,
          -0.34502923,
          0,
          -0.029204506,
          0.3451964,
          0.93807596,
          0,
          0.035514463,
          1.5762515,
          1.3686047,
          1
        ]
      },
      {
        "date" : 739485425.957541,
        "title" : "Untitled",
        "transform" : [
          0.9995158,
          -2.7174738e-09,
          0.031117285,
          0,
          0.010741571,
          0.93853045,
          -0.34502923,
          0,
          -0.029204506,
          0.3451964,
          0.93807596,
          0,
          -0.0064174384,
          1.3647777,
          1.445118,
          1
        ]
      },
      {
        "date" : 739485416.833374,
        "title" : "Untitled",
        "transform" : [
          0.9999986,
          3.572448e-11,
          0.0016768599,
          0,
          0.00014301528,
          0.99635637,
          -0.08528741,
          0,
          -0.0016707501,
          0.08528752,
          0.996355,
          0,
          0.8873539,
          2.7630646,
          4.8523817,
          1
        ]
      }
    ],
    "0F624505-A2D8-48B8-ABEF-0A5DF48DB13A" : [
      {
        "date" : 738695966.019319,
        "title" : "Untitled",
        "transform" : [
          0,
          0,
          0,
          0,
          0,
          0,
          0,
          0,
          0,
          0,
          0,
          0,
          0,
          0,
          0,
          1
        ]
      },
      {
        "date" : 738695962.64882,
        "title" : "Untitled",
        "transform" : [
          0,
          0,
          0,
          0,
          0,
          0,
          0,
          0,
          0,
          0,
          0,
          0,
          0,
          0,
          0,
          1
        ]
      },
      {
        "date" : 738695955.137716,
        "title" : "Untitled",
        "transform" : [
          0,
          0,
          0,
          0,
          0,
          0,
          0,
          0,
          0,
          0,
          0,
          0,
          0,
          0,
          0,
          1
        ]
      },
      {
        "date" : 738695951.92539,
        "title" : "Untitled",
        "transform" : [
          0,
          0,
          0,
          0,
          0,
          0,
          0,
          0,
          0,
          0,
          0,
          0,
          0,
          0,
          0,
          0
        ]
      },
      {
        "date" : 738695950.907219,
        "title" : "Untitled",
        "transform" : [
          0,
          0,
          0,
          0,
          0,
          0,
          0,
          0,
          0,
          0,
          0,
          0,
          0,
          0,
          0,
          0
        ]
      },
      {
        "date" : 738695913.588665,
        "title" : "Untitled",
        "transform" : [
          0,
          0,
          0,
          0,
          0,
          0,
          0,
          0,
          0,
          0,
          0,
          0,
          0,
          0,
          0,
          0
        ]
      },
      {
        "date" : 738695907.33991,
        "title" : "Untitled",
        "transform" : [
          0,
          0,
          0,
          0,
          0,
          0,
          0,
          0,
          0,
          0,
          0,
          0,
          0,
          0,
          0,
          0
        ]
      },
      {
        "date" : 738695881.858502,
        "title" : "Untitled",
        "transform" : [
          0,
          0,
          0,
          0,
          0,
          0,
          0,
          0,
          0,
          0,
          0,
          0,
          0,
          0,
          0,
          0
        ]
      },
      {
        "date" : 738695875.364599,
        "title" : "Untitled",
        "transform" : [
          0,
          0,
          0,
          0,
          0,
          0,
          0,
          0,
          0,
          0,
          0,
          0,
          0,
          0,
          0,
          1
        ]
      },
      {
        "date" : 738695873.440325,
        "title" : "Untitled",
        "transform" : [
          0.99999994,
          0,
          0,
          0,
          0,
          0.8660254,
          -0.49999994,
          0,
          0,
          0.49999994,
          0.8660254,
          0,
          0.15975244,
          0.2895896,
          0.3695152,
          1
        ]
      }
    ],
    "6AF1A903-BFFD-4D2C-8A4C-0332781B3646" : [
      {
        "date" : 735635939.911842,
        "title" : "Untitled",
        "transform" : [
          0.031229064,
          -7.2986777e-09,
          0.9995122,
          0,
          0.26598442,
          0.9639415,
          -0.008310535,
          0,
          -0.9634713,
          0.26611435,
          0.030103028,
          0,
          -2.495567,
          0.36326867,
          1.038969,
          1
        ]
      },
      {
        "date" : 735635933.107958,
        "title" : "Untitled",
        "transform" : [
          0.76198596,
          -7.2468147e-09,
          0.64759344,
          0,
          0.14801009,
          0.97353125,
          -0.17415503,
          0,
          -0.6304524,
          0.22855419,
          0.7418172,
          0,
          -0.92562556,
          0.265436,
          2.5544407,
          1
        ]
      },
      {
        "date" : 735635916.662817,
        "title" : "Untitled",
        "transform" : [
          -0.16184993,
          1.9304983e-10,
          0.98681533,
          0,
          0.6689469,
          0.7351683,
          0.109715536,
          0,
          -0.7254753,
          0.67788464,
          -0.1189869,
          0,
          -2.2120576,
          1.4834578,
          0.59879905,
          1
        ]
      },
      {
        "date" : 735635913.120431,
        "title" : "Untitled",
        "transform" : [
          0.7292329,
          -2.7012708e-09,
          0.6842655,
          0,
          0.071069404,
          0.99459165,
          -0.0757399,
          0,
          -0.68056476,
          0.10386238,
          0.72528905,
          0,
          -0.6336369,
          0.62874186,
          2.713586,
          1
        ]
      },
      {
        "date" : 735635880.408273,
        "title" : "Untitled",
        "transform" : [
          0.80513614,
          -5.0135753e-09,
          0.59309006,
          0,
          0.20512961,
          0.9382839,
          -0.27846918,
          0,
          -0.55648685,
          0.34586594,
          0.7554464,
          0,
          -0.19793592,
          1.2043076,
          2.6164181,
          1
        ]
      },
      {
        "date" : 735635866.001092,
        "title" : "Untitled",
        "transform" : [
          0.97203714,
          -6.773808e-10,
          0.234827,
          0,
          -0.057369698,
          0.96969813,
          0.23747455,
          0,
          -0.22771126,
          -0.24430607,
          0.94258267,
          0,
          0.7746203,
          -0.2223866,
          2.6872175,
          1
        ]
      },
      {
        "date" : 735635862.962804,
        "title" : "Untitled",
        "transform" : [
          0.82899034,
          2.0258044e-09,
          0.5592628,
          0,
          0.06499564,
          0.99322385,
          -0.09634255,
          0,
          -0.55547315,
          0.11621667,
          0.82337314,
          0,
          -0.19296217,
          0.6584527,
          2.7742376,
          1
        ]
      },
      {
        "date" : 735635856.317428,
        "title" : "Untitled",
        "transform" : [
          -0.16473874,
          1.0685475e-08,
          0.9863372,
          0,
          0.2861875,
          0.95698076,
          0.0477992,
          0,
          -0.9439058,
          0.29015172,
          -0.15765175,
          0,
          -2.4697742,
          1.0825394,
          1.0634921,
          1
        ]
      },
      {
        "date" : 735635717.685256,
        "title" : "Untitled",
        "transform" : [
          0.7897424,
          9.022438e-09,
          0.61343855,
          0,
          0.24318232,
          0.9180672,
          -0.31307364,
          0,
          -0.56317776,
          0.39642492,
          0.7250367,
          0,
          -0.18567017,
          1.3318169,
          2.5904899,
          1
        ]
      },
      {
        "date" : 735635710.70669,
        "title" : "Untitled",
        "transform" : [
          0.8338002,
          6.016648e-09,
          0.55206627,
          0,
          0.28934267,
          0.8516515,
          -0.43700185,
          0,
          -0.47016808,
          0.5241085,
          0.7101072,
          0,
          0.08874059,
          1.5894971,
          2.4395785,
          1
        ]
      }
    ],
    "7ED79870-5596-48C2-BA08-545853DEB609" : [
      {
        "date" : 738696956.485314,
        "title" : "Untitled",
        "transform" : [
          1,
          0,
          0,
          0,
          0,
          0.8660254,
          -0.5,
          0,
          0,
          0.5,
          0.8660254,
          0,
          0.32649922,
          0.753754,
          1.1947467,
          1
        ]
      },
      {
        "date" : 738696944.685653,
        "title" : "Untitled",
        "transform" : [
          1,
          0,
          0,
          0,
          0,
          0.8660254,
          -0.5,
          0,
          0,
          0.5,
          0.8660254,
          0,
          0.0262357,
          0.8173176,
          1.1580484,
          1
        ]
      },
      {
        "date" : 738696941.54699,
        "title" : "Untitled",
        "transform" : [
          1,
          0,
          0,
          0,
          0,
          0.8660254,
          -0.5,
          0,
          0,
          0.5,
          0.8660254,
          0,
          0.0262357,
          0.25761205,
          0.18861014,
          1
        ]
      },
      {
        "date" : 738696930.97805,
        "title" : "Untitled",
        "transform" : [
          1,
          0,
          -0,
          0,
          -0,
          0.8660254,
          -0.5,
          0,
          0,
          0.5,
          0.8660254,
          0,
          0,
          0.14607361,
          0.25300694,
          1
        ]
      }
    ],
    "8AE82A87-ACD4-4A97-9794-E4CC9126F0C2" : [
      {
        "date" : 738695936.04085,
        "title" : "Untitled",
        "transform" : [
          0.99999994,
          0,
          0,
          0,
          0,
          0.8660254,
          -0.49999994,
          0,
          0,
          0.49999994,
          0.8660254,
          0,
          0.7402604,
          0.5826186,
          1.9847302,
          1
        ]
      },
      {
        "date" : 738695920.960432,
        "title" : "Untitled",
        "transform" : [
          0.99999994,
          0,
          0,
          0,
          0,
          0.8660254,
          -0.49999994,
          0,
          0,
          0.49999994,
          0.8660254,
          0,
          -6.84785e-05,
          0.5854578,
          1.014069,
          1
        ]
      },
      {
        "date" : 738695881.434964,
        "title" : "Untitled",
        "transform" : [
          0.99999994,
          0,
          -0,
          0,
          -0,
          0.8660254,
          -0.49999994,
          0,
          0,
          0.49999994,
          0.8660254,
          0,
          0,
          0.2324022,
          0.40253246,
          1
        ]
      }
    ],
    "9B995F11-841B-45F7-888A-806B86637C9D" : [
      {
        "date" : 738695238.736306,
        "title" : "Untitled",
        "transform" : [
          -0.29254943,
          2.0280998e-08,
          -0.95625037,
          0,
          -0.61078185,
          0.7694343,
          0.18685895,
          0,
          0.7357718,
          0.6387259,
          -0.22509745,
          0,
          1.6276886,
          1.4330418,
          -1.0311257,
          1
        ]
      },
      {
        "date" : 738693807.024514,
        "title" : "Untitled",
        "transform" : [
          -0.19618545,
          1.6875669e-08,
          -0.9805668,
          0,
          -0.1502058,
          0.98819786,
          0.030052265,
          0,
          0.968994,
          0.15318264,
          -0.19386998,
          0,
          2.1849484,
          0.2760058,
          -0.95708966,
          1
        ]
      },
      {
        "date" : 738693796.890153,
        "title" : "Untitled",
        "transform" : [
          -0.19618545,
          1.6875669e-08,
          -0.9805668,
          0,
          -0.1502058,
          0.98819786,
          0.030052265,
          0,
          0.968994,
          0.15318264,
          -0.19386998,
          0,
          2.6007855,
          0.2157622,
          1.0737317,
          1
        ]
      },
      {
        "date" : 738693739.107381,
        "title" : "Untitled",
        "transform" : [
          -0.19618545,
          1.6875669e-08,
          -0.9805668,
          0,
          -0.1502058,
          0.98819786,
          0.030052265,
          0,
          0.968994,
          0.15318264,
          -0.19386998,
          0,
          1.6353095,
          0.22417837,
          -0.22559786,
          1
        ]
      },
      {
        "date" : 738693727.674971,
        "title" : "Untitled",
        "transform" : [
          -0.19618545,
          1.6875669e-08,
          -0.9805668,
          0,
          -0.1502058,
          0.98819786,
          0.030052265,
          0,
          0.968994,
          0.15318264,
          -0.19386998,
          0,
          1.4870431,
          0.18224305,
          -0.99979365,
          1
        ]
      },
      {
        "date" : 738693692.701878,
        "title" : "Untitled",
        "transform" : [
          -0.19618545,
          1.6875669e-08,
          -0.9805668,
          0,
          -0.15020582,
          0.988198,
          0.030052269,
          0,
          0.968994,
          0.15318264,
          -0.19386998,
          0,
          0.19066684,
          0.082961455,
          -0.098010905,
          1
        ]
      },
      {
        "date" : 738492728.444701,
        "title" : "Untitled",
        "transform" : [
          0.47179353,
          2.2234335e-08,
          -0.8817091,
          0,
          -0.37342188,
          0.9058865,
          -0.19981416,
          0,
          0.79872835,
          0.42352048,
          0.42739135,
          0,
          0.18177125,
          0.13733174,
          0.030688485,
          1
        ]
      },
      {
        "date" : 738492720.018729,
        "title" : "Untitled",
        "transform" : [
          0.24696326,
          2.2255605e-08,
          -0.9690248,
          0,
          -0.43764088,
          0.8922053,
          -0.11153603,
          0,
          0.86456907,
          0.45163018,
          0.22034192,
          0,
          0.1795967,
          0.14272073,
          -0.014752235,
          1
        ]
      },
      {
        "date" : 738492715.410425,
        "title" : "Untitled",
        "transform" : [
          0.24696326,
          2.2255605e-08,
          -0.9690248,
          0,
          -0.43764088,
          0.8922053,
          -0.11153603,
          0,
          0.86456907,
          0.45163018,
          0.22034192,
          0,
          0.20866755,
          0.0781999,
          0.0034276843,
          1
        ]
      },
      {
        "date" : 738492713.671558,
        "title" : "Untitled",
        "transform" : [
          0.24696326,
          2.2255605e-08,
          -0.9690248,
          0,
          -0.43764088,
          0.8922053,
          -0.11153603,
          0,
          0.86456907,
          0.45163018,
          0.22034192,
          0,
          0.2099693,
          0.07275047,
          0.009489492,
          1
        ]
      }
    ],
    "018FCDA0-166A-46B8-AF86-25BA64A07F63" : [
      {
        "date" : 738713760.430044,
        "title" : "Untitled",
        "transform" : [
          0.99999994,
          0,
          0,
          0,
          0,
          0.8660254,
          -0.49999994,
          0,
          0,
          0.49999994,
          0.8660254,
          0,
          0,
          0.7179517,
          1.2435287,
          1
        ]
      },
      {
        "date" : 738713739.758139,
        "title" : "Untitled",
        "transform" : [
          0.99999994,
          0,
          -0,
          0,
          -0,
          0.8660254,
          -0.49999994,
          0,
          0,
          0.49999994,
          0.8660254,
          0,
          0,
          0.21881992,
          0.37900722,
          1
        ]
      }
    ],
    "27F7168F-BF04-4F0B-A91F-91F337DD41B1" : [
      {
        "date" : 738696714.80991,
        "title" : "Untitled",
        "transform" : [
          0.99999994,
          0,
          0,
          0,
          0,
          0.8660254,
          -0.49999988,
          0,
          0,
          0.49999988,
          0.8660254,
          0,
          -0.015592654,
          0.38988087,
          0.518798,
          1
        ]
      },
      {
        "date" : 735639975.01644,
        "title" : "Untitled",
        "transform" : [
          0.99999994,
          0,
          0,
          0,
          0,
          0.8660254,
          -0.49999988,
          0,
          0,
          0.49999988,
          0.8660254,
          0,
          -0.01117311,
          0.279374,
          0.37175116,
          1
        ]
      },
      {
        "date" : 735639940.964287,
        "title" : "Untitled",
        "transform" : [
          0.99999994,
          0,
          0,
          0,
          0,
          0.8660254,
          -0.49999988,
          0,
          0,
          0.49999988,
          0.8660254,
          0,
          -0.057950817,
          0.23242393,
          0.3988578,
          1
        ]
      },
      {
        "date" : 735639840.095274,
        "title" : "Untitled",
        "transform" : [
          0.99999994,
          0,
          -0,
          0,
          -0,
          0.8660254,
          -0.49999988,
          0,
          0,
          0.49999988,
          0.8660254,
          0,
          0,
          0.23081645,
          0.39978588,
          1
        ]
      }
    ],
    "78BDA118-B7EF-404D-ACE2-BDA894976E1C" : [
      {
        "date" : 738695885.43969,
        "title" : "Untitled",
        "transform" : [
          0.99999994,
          0,
          -0,
          0,
          -0,
          0.8660254,
          -0.49999994,
          0,
          0,
          0.49999994,
          0.8660254,
          0,
          0,
          0.2324022,
          0.40253246,
          1
        ]
      }
    ],
    "85DC64B4-5928-4BF2-8593-8F664C5F7C46" : [
      {
        "date" : 739485405.35027,
        "title" : "Untitled",
        "transform" : [
          0.9998244,
          -7.566389e-10,
          -0.018737564,
          0,
          -0.012460826,
          0.74682677,
          -0.664902,
          0,
          0.013993711,
          0.6650187,
          0.74669564,
          0,
          0.09046641,
          0.55959845,
          0.9124366,
          1
        ]
      },
      {
        "date" : 739484970.054364,
        "title" : "Untitled",
        "transform" : [
          0.9998244,
          -7.566389e-10,
          -0.018737564,
          0,
          -0.012460826,
          0.74682677,
          -0.664902,
          0,
          0.013993711,
          0.6650187,
          0.74669564,
          0,
          0.21849859,
          0.58261955,
          0.8895341,
          1
        ]
      },
      {
        "date" : 739484922.653635,
        "title" : "Untitled",
        "transform" : [
          0.9998244,
          -7.566389e-10,
          -0.018737564,
          0,
          -0.012460826,
          0.74682677,
          -0.664902,
          0,
          0.013993711,
          0.6650187,
          0.74669564,
          0,
          0.19242024,
          1.2344581,
          0.3094852,
          1
        ]
      },
      {
        "date" : 739484896.871558,
        "title" : "Untitled",
        "transform" : [
          0.9998244,
          -7.566389e-10,
          -0.018737564,
          0,
          -0.012460826,
          0.74682677,
          -0.664902,
          0,
          0.013993711,
          0.6650187,
          0.74669564,
          0,
          0.20008999,
          0.78554523,
          0.70915014,
          1
        ]
      },
      {
        "date" : 739484888.53012,
        "title" : "Untitled",
        "transform" : [
          0.9998244,
          -7.566389e-10,
          -0.018737564,
          0,
          -0.012460826,
          0.74682677,
          -0.664902,
          0,
          0.013993711,
          0.6650187,
          0.74669564,
          0,
          -0.2425282,
          0.7646819,
          0.73602635,
          1
        ]
      },
      {
        "date" : 739484793.670964,
        "title" : "Untitled",
        "transform" : [
          0.9986767,
          -1.3664447e-10,
          -0.051426526,
          0,
          -0.05136518,
          0.04883149,
          -0.99748546,
          0,
          0.0025112303,
          0.9988071,
          0.048766863,
          0,
          -0.0028481279,
          1.0666925,
          -0.21926372,
          1
        ]
      },
      {
        "date" : 739484787.776343,
        "title" : "Untitled",
        "transform" : [
          0.9999838,
          -7.086131e-11,
          0.005696584,
          0,
          0.001684161,
          0.95529824,
          -0.2956392,
          0,
          -0.0054419367,
          0.29564396,
          0.95528275,
          0,
          -0.05126357,
          0.64098287,
          0.90542644,
          1
        ]
      },
      {
        "date" : 738713184.490264,
        "title" : "Untitled",
        "transform" : [
          0.9999839,
          -7.086132e-11,
          0.0056965845,
          0,
          0.0016841613,
          0.95529836,
          -0.29563922,
          0,
          -0.005441937,
          0.295644,
          0.95528287,
          0,
          -0.09374389,
          0.059112735,
          0.7073329,
          1
        ]
      },
      {
        "date" : 738710135.366234,
        "title" : "Untitled",
        "transform" : [
          1,
          -1.7125332e-11,
          -0.00038548518,
          0,
          -0.00038525037,
          0.034899574,
          -0.99939084,
          0,
          1.3453289e-05,
          0.9993909,
          0.034899585,
          0,
          -0.0913359,
          0.6893007,
          0.13783029,
          1
        ]
      },
      {
        "date" : 738710087.514485,
        "title" : "Untitled",
        "transform" : [
          1,
          0,
          0,
          0,
          0,
          0.7071069,
          -0.70710677,
          0,
          0,
          0.70710677,
          0.7071069,
          0,
          -0.09138903,
          0.41014665,
          0.57087886,
          1
        ]
      }
    ],
    "964B23C6-32DF-42B4-AF8C-4E2B772C31A8" : [
      {
        "date" : 738709621.20172,
        "title" : "Untitled",
        "transform" : [
          0.9937852,
          -5.5929545e-09,
          -0.111313775,
          0,
          -0.03938143,
          0.9353258,
          -0.3515889,
          0,
          0.10411466,
          0.35378757,
          0.9295131,
          0,
          0.048718434,
          0.34379044,
          1.1896622,
          1
        ]
      },
      {
        "date" : 738709604.292774,
        "title" : "Untitled",
        "transform" : [
          0.99964535,
          -6.0700356e-10,
          -0.02662798,
          0,
          -0.023525089,
          0.46848318,
          -0.88315916,
          0,
          0.012474767,
          0.88347244,
          0.4683171,
          0,
          -0.04033201,
          0.8585082,
          0.74149835,
          1
        ]
      },
      {
        "date" : 738709600.875309,
        "title" : "Untitled",
        "transform" : [
          0.99964535,
          -6.0700356e-10,
          -0.02662798,
          0,
          -0.023525089,
          0.46848318,
          -0.88315916,
          0,
          0.012474765,
          0.8834723,
          0.46831703,
          0,
          0.02905444,
          1.9135413,
          0.96778,
          1
        ]
      },
      {
        "date" : 738709594.692663,
        "title" : "Untitled",
        "transform" : [
          0.9993971,
          5.005153e-10,
          -0.03471934,
          0,
          -0.005121704,
          0.9890595,
          -0.14742838,
          0,
          0.034339495,
          0.1475173,
          0.98846316,
          0,
          0.053516787,
          0.6939484,
          1.44618,
          1
        ]
      },
      {
        "date" : 738709578.292746,
        "title" : "Untitled",
        "transform" : [
          0.9993971,
          5.005153e-10,
          -0.03471934,
          0,
          -0.005121704,
          0.9890595,
          -0.14742838,
          0,
          0.034339495,
          0.1475173,
          0.98846316,
          0,
          0.19567731,
          0.33396712,
          5.287773,
          1
        ]
      },
      {
        "date" : 738696697.922375,
        "title" : "Untitled",
        "transform" : [
          0.9993971,
          5.005153e-10,
          -0.03471934,
          0,
          -0.0051217037,
          0.9890594,
          -0.14742836,
          0,
          0.034339495,
          0.1475173,
          0.98846316,
          0,
          0.06494188,
          0.110837854,
          1.7549196,
          1
        ]
      },
      {
        "date" : 738695708.675657,
        "title" : "Untitled",
        "transform" : [
          0.99999994,
          0,
          0,
          0,
          0,
          0.8660254,
          -0.49999994,
          0,
          0,
          0.49999994,
          0.8660254,
          0,
          -0.02770572,
          1.0071797,
          1.9742614,
          1
        ]
      },
      {
        "date" : 738695676.953497,
        "title" : "Untitled",
        "transform" : [
          0.99999994,
          0,
          -0,
          0,
          -0,
          0.8660254,
          -0.49999994,
          0,
          0,
          0.49999994,
          0.8660254,
          0,
          -0.08189167,
          2.9769893,
          5.835458,
          1
        ]
      },
      {
        "date" : 738695671.502451,
        "title" : "Untitled",
        "transform" : [
          0.99999994,
          0,
          -0,
          0,
          -0,
          0.8660254,
          -0.49999994,
          0,
          0,
          0.49999994,
          0.8660254,
          0,
          -0.08189167,
          2.9727123,
          5.827218,
          1
        ]
      },
      {
        "date" : 738695668.097483,
        "title" : "Untitled",
        "transform" : [
          0.99999994,
          0,
          -0,
          0,
          -0,
          0.8660254,
          -0.49999994,
          0,
          0,
          0.49999994,
          0.8660254,
          0,
          -0.081891656,
          1.5426779,
          3.0721653,
          1
        ]
      }
    ],
    "C982A4B7-9AAA-4236-A4ED-A90A9C7901F4" : [
      {
        "date" : 738715418.194612,
        "title" : "Untitled",
        "transform" : [
          0.9918202,
          -1.3322488e-08,
          0.12764241,
          0,
          0.033042185,
          0.9659135,
          -0.2567479,
          0,
          -0.12329153,
          0.2588653,
          0.9580125,
          0,
          -0.02224116,
          0.09928985,
          0.5312256,
          1
        ]
      },
      {
        "date" : 738715390.510513,
        "title" : "Untitled",
        "transform" : [
          0.9918202,
          -1.3322488e-08,
          0.12764241,
          0,
          0.033042185,
          0.9659135,
          -0.2567479,
          0,
          -0.12329153,
          0.2588653,
          0.9580125,
          0,
          0.07114275,
          0.10045959,
          0.5429276,
          1
        ]
      },
      {
        "date" : 738715387.288006,
        "title" : "Untitled",
        "transform" : [
          0.87525916,
          -1.494174e-08,
          0.4836541,
          0,
          0.24949963,
          0.85667056,
          -0.45151454,
          0,
          -0.4143323,
          0.5158638,
          0.7498089,
          0,
          -0.041447192,
          0.24298307,
          0.5265963,
          1
        ]
      },
      {
        "date" : 738715375.026218,
        "title" : "Untitled",
        "transform" : [
          0.87525916,
          -1.494174e-08,
          0.4836541,
          0,
          0.24949963,
          0.85667056,
          -0.45151454,
          0,
          -0.4143323,
          0.5158638,
          0.7498089,
          0,
          -0.29231286,
          0.47335732,
          0.7074217,
          1
        ]
      },
      {
        "date" : 738715354.960432,
        "title" : "Untitled",
        "transform" : [
          0.87525916,
          -1.494174e-08,
          0.4836541,
          0,
          0.24949963,
          0.85667056,
          -0.45151454,
          0,
          -0.4143323,
          0.5158638,
          0.7498089,
          0,
          -0.058426555,
          0.26825437,
          0.4770298,
          1
        ]
      },
      {
        "date" : 738715353.460322,
        "title" : "Untitled",
        "transform" : [
          0.87525916,
          -1.494174e-08,
          0.4836541,
          0,
          0.24949963,
          0.85667056,
          -0.45151454,
          0,
          -0.4143323,
          0.5158638,
          0.7498089,
          0,
          -0.07063994,
          0.32432976,
          0.57674724,
          1
        ]
      },
      {
        "date" : 738715351.5762,
        "title" : "Untitled",
        "transform" : [
          0.87525916,
          -1.494174e-08,
          0.4836541,
          0,
          0.24949963,
          0.85667056,
          -0.45151454,
          0,
          -0.4143323,
          0.5158638,
          0.7498089,
          0,
          -0.11386031,
          0.5227678,
          0.9296245,
          1
        ]
      },
      {
        "date" : 738715339.02724,
        "title" : "Untitled",
        "transform" : [
          0.87525916,
          -1.494174e-08,
          0.4836541,
          0,
          0.24949963,
          0.85667056,
          -0.45151454,
          0,
          -0.4143323,
          0.5158638,
          0.7498089,
          0,
          -0.9669392,
          2.4291203,
          4.997464,
          1
        ]
      },
      {
        "date" : 738715337.278848,
        "title" : "Untitled",
        "transform" : [
          0.87525916,
          -1.494174e-08,
          0.4836541,
          0,
          0.24949963,
          0.85667056,
          -0.45151454,
          0,
          -0.4143323,
          0.5158638,
          0.7498089,
          0,
          -3.53973,
          5.6323586,
          9.65338,
          1
        ]
      },
      {
        "date" : 738715332.501648,
        "title" : "Untitled",
        "transform" : [
          0.5775679,
          1.0259193e-09,
          0.8163427,
          0,
          0.094503224,
          0.9932767,
          -0.06686165,
          0,
          -0.81085426,
          0.1157641,
          0.5736847,
          0,
          -1.60573,
          0.08622867,
          5.495255,
          1
        ]
      },
      {
        "date" : 738715321.710195,
        "title" : "Untitled",
        "transform" : [
          0.5775679,
          1.0259193e-09,
          0.8163427,
          0,
          0.094503224,
          0.9932767,
          -0.06686165,
          0,
          -0.81085426,
          0.1157641,
          0.5736847,
          0,
          -2.752357,
          0.95815533,
          2.6818194,
          1
        ]
      }
    ],
    "D0543A19-9240-423D-8AB7-6C788CD20979" : [
      {
        "date" : 735634034.517978,
        "title" : "Untitled",
        "transform" : [
          0.99999994,
          0,
          -0,
          0,
          -0,
          0.8660255,
          -0.49999988,
          0,
          0,
          0.49999988,
          0.8660255,
          0,
          0,
          0.23113646,
          0.40034008,
          1
        ]
      }
    ],
    "DBB2201C-885A-4DB0-9D15-F120BDDE9580" : [
      {
        "date" : 738696609.556701,
        "title" : "Untitled",
        "transform" : [
          0.99999994,
          0,
          0,
          0,
          0,
          0.8660254,
          -0.49999994,
          0,
