{
  "advancedEditorSelectedIdentifier" : "ProjectBrowser",
  "openSceneRelativePaths" : [
    "Untitled Scene.usda",
    "Arm.usda",
    "PinPoint.usda"
  ],
  "recentIdentifiers" : {
    "6AF1A903-BFFD-4D2C-8A4C-0332781B3646" : [

    ],
    "9B995F11-841B-45F7-888A-806B86637C9D" : [

    ],
    "85DC64B4-5928-4BF2-8593-8F664C5F7C46" : [

    ],
    "FBB4D83E-A827-48F1-A20D-F8C823B40F27" : [

    ]
  },
  "sceneCameraHistory" : {
    "6AF1A903-BFFD-4D2C-8A4C-0332781B3646" : [
      {
        "date" : 735635939.911842,
        "title" : "Untitled",
        "transform" : [
          0.031229064,
          -7.2986777e-09,
          0.9995122,
          0,
          0.26598442,
          0.9639415,
          -0.008310535,
          0,
          -0.9634713,
          0.26611435,
          0.030103028,
          0,
          -2.495567,
          0.36326867,
          1.038969,
          1
        ]
      },
      {
        "date" : 735635933.107958,
        "title" : "Untitled",
        "transform" : [
          0.76198596,
          -7.2468147e-09,
          0.64759344,
          0,
          0.14801009,
          0.97353125,
          -0.17415503,
          0,
          -0.6304524,
          0.22855419,
          0.7418172,
          0,
          -0.92562556,
          0.265436,
          2.5544407,
          1
        ]
      },
      {
        "date" : 735635916.662817,
        "title" : "Untitled",
        "transform" : [
          -0.16184993,
          1.9304983e-10,
          0.98681533,
          0,
          0.6689469,
          0.7351683,
          0.109715536,
          0,
          -0.7254753,
          0.67788464,
          -0.1189869,
          0,
          -2.2120576,
          1.4834578,
          0.59879905,
          1
        ]
      },
      {
        "date" : 735635913.120431,
        "title" : "Untitled",
        "transform" : [
          0.7292329,
          -2.7012708e-09,
          0.6842655,
          0,
          0.071069404,
          0.99459165,
          -0.0757399,
          0,
          -0.68056476,
          0.10386238,
          0.72528905,
          0,
          -0.6336369,
          0.62874186,
          2.713586,
          1
        ]
      },
      {
        "date" : 735635880.408273,
        "title" : "Untitled",
        "transform" : [
          0.80513614,
          -5.0135753e-09,
          0.59309006,
          0,
          0.20512961,
          0.9382839,
          -0.27846918,
          0,
          -0.55648685,
          0.34586594,
          0.7554464,
          0,
          -0.19793592,
          1.2043076,
          2.6164181,
          1
        ]
      },
      {
        "date" : 735635866.001092,
        "title" : "Untitled",
        "transform" : [
          0.97203714,
          -6.773808e-10,
          0.234827,
          0,
          -0.057369698,
          0.96969813,
          0.23747455,
          0,
          -0.22771126,
          -0.24430607,
          0.94258267,
          0,
          0.7746203,
          -0.2223866,
          2.6872175,
          1
        ]
      },
      {
        "date" : 735635862.962804,
        "title" : "Untitled",
        "transform" : [
          0.82899034,
          2.0258044e-09,
          0.5592628,
          0,
          0.06499564,
          0.99322385,
          -0.09634255,
          0,
          -0.55547315,
          0.11621667,
          0.82337314,
          0,
          -0.19296217,
          0.6584527,
          2.7742376,
          1
        ]
      },
      {
        "date" : 735635856.317428,
        "title" : "Untitled",
        "transform" : [
          -0.16473874,
          1.0685475e-08,
          0.9863372,
          0,
          0.2861875,
          0.95698076,
          0.0477992,
          0,
          -0.9439058,
          0.29015172,
          -0.15765175,
          0,
          -2.4697742,
          1.0825394,
          1.0634921,
          1
        ]
      },
      {
        "date" : 735635717.685256,
        "title" : "Untitled",
        "transform" : [
          0.7897424,
          9.022438e-09,
          0.61343855,
          0,
          0.24318232,
          0.9180672,
          -0.31307364,
          0,
          -0.56317776,
          0.39642492,
          0.7250367,
          0,
          -0.18567017,
          1.3318169,
          2.5904899,
          1
        ]
      },
      {
        "date" : 735635710.70669,
        "title" : "Untitled",
        "transform" : [
          0.8338002,
          6.016648e-09,
          0.55206627,
          0,
          0.28934267,
          0.8516515,
          -0.43700185,
          0,
          -0.47016808,
          0.5241085,
          0.7101072,
          0,
          0.08874059,
          1.5894971,
          2.4395785,
          1
        ]
      }
    ],
    "9B995F11-841B-45F7-888A-806B86637C9D" : [
      {
        "date" : 735635003.484463,
        "title" : "Untitled",
        "transform" : [
          0.24696326,
          2.2255605e-08,
          -0.9690248,
          0,
          -0.43764088,
          0.8922053,
          -0.11153603,
          0,
          0.86456907,
          0.45163018,
          0.22034192,
          0,
          0.18831548,
          0.071542956,
          0.096929,
          1
        ]
      },
      {
        "date" : 735634954.577957,
        "title" : "Untitled",
        "transform" : [
          0.24696301,
          -2.1449857e-08,
          -0.9690249,
          0,
          -0.43764088,
          0.89220524,
          -0.11153597,
          0,
          0.86456907,
          0.45163018,
          0.22034168,
          0,
          5.451084,
          3.7267902,
          0.8006767,
          1
        ]
      },
      {
        "date" : 735634947.603514,
        "title" : "Untitled",
        "transform" : [
          0.24696296,
          -1.1897926e-08,
          -0.9690249,
          0,
          -0.43764088,
          0.89220524,
          -0.11153595,
          0,
          0.864569,
          0.45163012,
          0.22034173,
          0,
          3.7572412,
          2.2961311,
          -1.9916023,
          1
        ]
      },
      {
        "date" : 735634943.384803,
        "title" : "Untitled",
        "transform" : [
          -0.8415502,
          -1.0360658e-08,
          -0.5401789,
          0,
          -0.19739327,
          0.930842,
          0.3075209,
          0,
          0.50282127,
          0.36542195,
          -0.78335017,
          0,
          0.0016592592,
          1.9918714,
          -4.557392,
          1
        ]
      },
      {
        "date" : 735634937.83858,
        "title" : "Untitled",
        "transform" : [
          -0.7532681,
          2.7332463e-09,
          -0.65771353,
          0,
          -0.26580924,
          0.9146966,
          0.30442673,
          0,
          0.6016084,
          0.40414134,
          -0.68901175,
          0,
          0.712576,
          1.1842983,
          -4.919779,
          1
        ]
      },
      {
        "date" : 735634931.921076,
        "title" : "Untitled",
        "transform" : [
          0.7850226,
          2.1690312e-09,
          -0.619467,
          0,
          -0.30037016,
          0.87457806,
          -0.3806456,
          0,
          0.5417722,
          0.48488486,
          0.68656355,
          0,
          2.7332902,
          1.5305274,
          1.861577,
          1
        ]
      },
      {
        "date" : 735634927.210653,
        "title" : "Untitled",
        "transform" : [
          0.99999994,
          0,
          0,
          0,
          0,
          0.8660251,
          -0.50000066,
          0,
          0,
          0.50000066,
          0.8660251,
          0,
          1.8076277,
          1.5862777,
          3.1332018,
          1
        ]
      },
      {
        "date" : 735634925.525018,
        "title" : "Untitled",
        "transform" : [
          0.99999994,
          0,
          0,
          0,
          0,
          0.8660251,
          -0.50000066,
          0,
          0,
          0.50000066,
          0.8660251,
          0,
          1.1372252,
          1.5314133,
          3.164878,
          1
        ]
      },
      {
        "date" : 735634920.225066,
        "title" : "Untitled",
        "transform" : [
          0.99999994,
          0,
          0,
          0,
          0,
          0.8660251,
          -0.50000066,
          0,
          0,
          0.50000066,
          0.8660251,
          0,
          -3.4115365,
          3.2503138,
          11.261253,
          1
        ]
      },
      {
        "date" : 735634124.536789,
        "title" : "Untitled",
        "transform" : [
          0.99999994,
          0,
          0,
          0,
          0,
          0.8660251,
          -0.50000066,
          0,
          0,
          0.50000066,
          0.8660251,
          0,
          -0.0027762651,
          4.658903,
          10.448004,
          1
        ]
      }
    ],
    "27F7168F-BF04-4F0B-A91F-91F337DD41B1" : [
      {
        "date" : 735639975.01644,
        "title" : "Untitled",
        "transform" : [
          0.99999994,
          0,
          0,
          0,
          0,
          0.8660254,
          -0.49999988,
          0,
          0,
          0.49999988,
          0.8660254,
          0,
          -0.01117311,
          0.279374,
          0.37175116,
          1
        ]
      },
      {
        "date" : 735639940.964287,
        "title" : "Untitled",
        "transform" : [
          0.99999994,
          0,
          0,
          0,
          0,
          0.8660254,
          -0.49999988,
          0,
          0,
          0.49999988,
          0.8660254,
          0,
          -0.057950817,
          0.23242393,
          0.3988578,
          1
        ]
      },
      {
        "date" : 735639840.095274,
        "title" : "Untitled",
        "transform" : [
          0.99999994,
          0,
          -0,
          0,
          -0,
          0.8660254,
          -0.49999988,
          0,
          0,
          0.49999988,
          0.8660254,
          0,
          0,
          0.23081645,
          0.39978588,
          1
        ]
      }
    ],
    "85DC64B4-5928-4BF2-8593-8F664C5F7C46" : [
      {
        "date" : 736106305.573023,
        "title" : "Untitled",
        "transform" : [
          -0.14170071,
          1.8050258e-07,
          0.9899096,
          0,
          0.48184973,
          0.87353504,
          0.06897427,
          0,
          -0.86472064,
          0.48676136,
          -0.1237806,
          0,
          -1.244268,
          3.2404175,
          3.003919,
          1
        ]
      },
      {
        "date" : 736106184.105205,
        "title" : "Untitled",
        "transform" : [
          -0.14170071,
          1.8050258e-07,
          0.9899096,
          0,
          0.48184973,
          0.87353504,
          0.06897427,
          0,
          -0.86472064,
          0.48676136,
          -0.1237806,
          0,
          -1.2443602,
          3.2404547,
          3.0039003,
          1
        ]
      },
      {
        "date" : 735635443.942624,
        "title" : "Untitled",
        "transform" : [
          -0.1417006,
          1.6086514e-07,
          0.9899095,
          0,
          0.4818497,
          0.873535,
          0.06897425,
          0,
          -0.8647206,
          0.48676133,
          -0.12378052,
          0,
          -1.2714612,
          3.256223,
          2.998505,
          1
        ]
      },
      {
        "date" : 735635371.886581,
        "title" : "Untitled",
        "transform" : [
          0.3931539,
          -3.8379028e-08,
          0.91947263,
          0,
          0.45537123,
          0.86874896,
          -0.19471051,
          0,
          -0.7987908,
          0.49525276,
          0.34155208,
          0,
          -0.016121447,
          2.9905112,
          5.424029,
          1
        ]
      },
      {
        "date" : 735635367.86075,
        "title" : "Untitled",
        "transform" : [
          0.3931539,
          -3.8379028e-08,
          0.91947263,
          0,
          0.45537123,
          0.86874896,
          -0.19471051,
          0,
          -0.7987908,
          0.49525276,
          0.34155208,
          0,
          -2.1679668,
          6.013822,
          5.684657,
          1
        ]
      },
      {
        "date" : 735635366.047305,
        "title" : "Untitled",
        "transform" : [
          0.3931539,
          -3.8379028e-08,
          0.91947263,
          0,
          0.45537123,
          0.86874896,
          -0.19471051,
          0,
          -0.7987908,
          0.49525276,
          0.34155208,
          0,
          -3.0967927,
          4.68339,
          5.441538,
          1
        ]
      },
      {
        "date" : 735635334.289965,
        "title" : "Untitled",
        "transform" : [
          0.3931539,
          -3.8379028e-08,
          0.91947263,
          0,
          0.45537123,
          0.86874896,
          -0.19471051,
          0,
          -0.7987908,
          0.49525276,
          0.34155208,
          0,
          -2.8480353,
          5.529456,
          4.796508,
          1
        ]
      },
      {
        "date" : 735635326.435245,
        "title" : "Untitled",
        "transform" : [
          0.015483868,
          -3.6468133e-08,
          0.9998801,
          0,
          0.5828527,
          0.81252754,
          -0.009025881,
          0,
          -0.81243014,
          0.58292276,
          0.012581011,
          0,
          -4.2313585,
          5.594899,
          -3.76415,
          1
        ]
      },
      {
        "date" : 735635311.529193,
        "title" : "Untitled",
        "transform" : [
          -0.9828794,
          -3.6097248e-08,
          -0.18425031,
          0,
          0.013675189,
          0.9972418,
          -0.072950125,
          0,
          0.18374224,
          -0.074220754,
          -0.9801684,
          0,
          8.3733225,
          1.2875819,
          -5.3141413,
          1
        ]
      },
      {
        "date" : 735635297.077122,
        "title" : "Untitled",
        "transform" : [
          -0.17753044,
          -3.3947263e-08,
          0.98411536,
          0,
          0.34099343,
          0.93805087,
          0.06151386,
          0,
          -0.9231502,
          0.34649754,
          -0.16653271,
          0,
          -1.3380079,
          2.9996307,
          1.8514806,
          1
        ]
      }
    ],
    "D0543A19-9240-423D-8AB7-6C788CD20979" : [
      {
        "date" : 735634034.517978,
        "title" : "Untitled",
        "transform" : [
          0.99999994,
          0,
          -0,
          0,
          -0,
          0.8660255,
          -0.49999988,
          0,
          0,
          0.49999988,
          0.8660255,
          0,
          0,
          0.23113646,
          0.40034008,
          1
        ]
      }
    ],
    "FBB4D83E-A827-48F1-A20D-F8C823B40F27" : [
      {
        "date" : 735507435.166931,
        "title" : "Untitled",
        "transform" : [
          0.075027205,
          -3.1106244e-09,
          -0.99718153,
          0,
          -0.15566255,
          0.9877408,
          -0.011711909,
          0,
          0.984957,
          0.15610228,
          0.07410739,
          0,
          162.77405,
          26.272228,
          11.669732,
          1
        ]
      },
      {
        "date" : 735507428.969568,
        "title" : "Untitled",
        "transform" : [
          0.99702007,
          -2.7266946e-09,
          0.07714206,
          0,
          0.026313787,
          0.94002414,
          -0.3400914,
          0,
          -0.072515346,
          0.3411077,
          0.9372231,
          0,
          -11.399745,
          56.82933,
          154.79752,
          1
        ]
      },
      {
        "date" : 735507411.166037,
        "title" : "Untitled",
        "transform" : [
          0.95210195,
          -2.8849305e-09,
          -0.30578068,
          0,
          -0.12934993,
          0.90612245,
          -0.40275386,
          0,
          0.2770748,
          0.42301527,
          0.862721,
          0,
          46.284595,
          70.35182,
          142.23276,
          1
        ]
      },
      {
        "date" : 735507396.011655,
        "title" : "Untitled",
        "transform" : [
          0.985568,
          -2.8150011e-09,
          -0.16927992,
          0,
          -0.08495743,
          0.8649398,
          -0.49463248,
          0,
          0.14641702,
          0.5018754,
          0.85245705,
          0,
          24.731388,
          83.36537,
          140.57169,
          1
        ]
      },
      {
        "date" : 735507390.319502,
        "title" : "Untitled",
        "transform" : [
          0.35628402,
          -4.3977177e-09,
          -0.9343777,
          0,
          -0.34849703,
          0.92784244,
          -0.1328841,
          0,
          0.8669553,
          0.3729722,
          0.33057538,
          0,
          3.2256172,
          1.3920703,
          1.2302499,
          1
        ]
      },
      {
        "date" : 735507356.984585,
        "title" : "Untitled",
        "transform" : [
          0.98833275,
          -4.4244217e-09,
          0.15231007,
          0,
          0.055362288,
          0.93160045,
          -0.3592431,
          0,
          -0.14189208,
          0.36348382,
          0.92073125,
          0,
          -0.5282298,
          1.3567663,
          3.425805,
          1
        ]
      },
      {
        "date" : 735507354.702818,
        "title" : "Untitled",
        "transform" : [
          0.822944,
          -3.7485446e-09,
          0.56812257,
          0,
          0.37396348,
          0.75280434,
          -0.54169816,
          0,
          -0.4276851,
          0.65824425,
          0.61951584,
          0,
          -1.5907258,
          2.4532514,
          2.3037212,
          1
        ]
      },
      {
        "date" : 735507342.658953,
        "title" : "Untitled",
        "transform" : [
          0.822944,
          -3.7485446e-09,
          0.56812257,
          0,
          0.37396348,
          0.75280434,
          -0.54169816,
          0,
          -0.4276851,
          0.65824425,
          0.61951584,
          0,
          -0.52839863,
          0.81490767,
          0.76523757,
          1
        ]
      },
      {
        "date" : 735507260.570886,
        "title" : "Untitled",
        "transform" : [
          1,
          0,
          0,
          0,
          0,
          0.8660253,
          -0.50000006,
          0,
          0,
          0.50000006,
          0.8660253,
          0,
          -9.373389e-05,
          0.61939424,
          1.0701491,
          1
        ]
      },
      {
        "date" : 735507140.828727,
        "title" : "Untitled",
        "transform" : [
          1,
          0,
          -0,
          0,
          -0,
          0.8660253,
          -0.50000006,
          0,
          0,
          0.50000006,
          0.8660253,
          0,
          0,
          0.23345138,
          0.40434968,
          1
        ]
      }
    ]
  },
  "selectedSceneRelativePath" : "Arm.usda"
}