{
  "advancedEditorSelectedIdentifier" : "ProjectBrowser",
  "openSceneRelativePaths" : [
    "Untitled Scene.usda"
  ],
  "recentIdentifiers" : {
    "A0E4A382-630F-4705-B48F-C1905FAAF3D3" : [

    ]
  },
  "sceneCameraHistory" : {
    "A0E4A382-630F-4705-B48F-C1905FAAF3D3" : [
      {
        "date" : 734456688.60635,
        "title" : "Untitled",
        "transform" : [
          0.99999994,
          0,
          0,
          0,
          0,
          0.8660254,
          -0.49999988,
          0,
          0,
          0.49999988,
          0.8660254,
          0,
          41.917732,
          -38.2648,
          -18.742115,
          1
        ]
      },
      {
        "date" : 734456675.120502,
        "title" : "Untitled",
        "transform" : [
          0.99999994,
          0,
          0,
          0,
          0,
          0.8660254,
          -0.49999988,
          0,
          0,
          0.49999988,
          0.8660254,
          0,
          42.217598,
          -38.737698,
          -18.613672,
          1
        ]
      },
      {
        "date" : 734456669.663621,
        "title" : "Untitled",
        "transform" : [
          0.99999994,
          0,
          0,
          0,
          0,
          0.8660254,
          -0.49999988,
          0,
          0,
          0.49999988,
          0.8660254,
          0,
          55.657166,
          13.30319,
          84.74537,
          1
        ]
      },
      {
        "date" : 734456659.237732,
        "title" : "Untitled",
        "transform" : [
          0.99999994,
          0,
          0,
          0,
          0,
          0.8660254,
          -0.49999988,
          0,
          0,
          0.49999988,
          0.8660254,
          0,
          36.577072,
          10.49456,
          86.62709,
          1
        ]
      },
      {
        "date" : 734456655.705149,
        "title" : "Untitled",
        "transform" : [
          0.99999994,
          0,
          0,
          0,
          0,
          0.8660254,
          -0.49999988,
          0,
          0,
          0.49999988,
          0.8660254,
          0,
          -0.4024506,
          65.60969,
          76.02456,
          1
        ]
      },
      {
        "date" : 734456648.921608,
        "title" : "Untitled",
        "transform" : [
          0.99999994,
          0,
          0,
          0,
          0,
          0.8660254,
          -0.49999988,
          0,
          0,
          0.49999988,
          0.8660254,
          0,
          0.0037612552,
          0.61488765,
          1.2652537,
          1
        ]
      },
      {
        "date" : 734456645.353891,
        "title" : "Untitled",
        "transform" : [
          0.99999994,
          0,
          0,
          0,
          0,
          0.8660254,
          -0.49999988,
          0,
          0,
          0.49999988,
          0.8660254,
          0,
          0.003761255,
          -0.00043989718,
          0.19947445,
          1
        ]
      },
      {
        "date" : 734456620.621256,
        "title" : "Untitled",
        "transform" : [
          0.99999994,
          0,
          0,
          0,
          0,
          0.8660254,
          -0.49999988,
          0,
          0,
          0.49999988,
          0.8660254,
          0,
          0.00020525683,
          0.07742978,
          0.15451638,
          1
        ]
      },
      {
        "date" : 734456614.086954,
        "title" : "Untitled",
        "transform" : [
          0.99999994,
          0,
          -0,
          0,
          -0,
          0.8660254,
          -0.49999988,
          0,
          0,
          0.49999988,
          0.8660254,
          0,
          2.9802322e-08,
          0.060563974,
          0.124483034,
          1
        ]
      },
      {
        "date" : 734456610.782428,
        "title" : "Untitled",
        "transform" : [
          0.99999994,
          0,
          -0,
          0,
          -0,
          0.8660254,
          -0.49999988,
          0,
          0,
          0.49999988,
          0.8660254,
          0,
          0.22679597,
          0.05683573,
          0.3635961,
          1
        ]
      }
    ]
  }
}